4,168583612,rs11942796,A,G,1,0,0,0,0,0,0,0,0,0,1,0,0,0,0
5,142061743,rs7724522,T,C,0,0,0,0,0,1,0,0,0,0,1,0,0,0,0
2,39759527,rs17024139,C,T,0,0,0,0,0,0,0,1,0,0,0,0,1,0,0
8,82193110,rs4481546,T,C,0,1,0,0,0,0,0,0,0,0,0,1,0,0,0
10,71187186,rs1077454,T,G,0,0,0,0,0,1,0,0,0,0,1,0,0,0,0
8,55356541,rs16919932,T,G,0,0,0,1,0,0,0,0,0,0,0,0,0,1,0
1,40930745,rs657149,A,C,0,1,0,0,0,0,0,0,0,0,0,1,0,0,0
7,39090951,rs17171532,G,A,0,0,1,0,0,0,0,0,0,0,0,0,1,0,0
2,231527050,rs9973676,G,A,0,0,0,0,0,0,1,0,0,0,0,1,0,0,0
13,22239615,rs4770298,T,C,0,0,0,0,0,0,0,1,0,0,0,0,1,0,0
1,47844572,rs10493129,G,A,0,0,0,0,0,0,1,0,0,0,0,1,0,0,0
6,164260423,rs6916223,A,G,1,0,0,0,0,0,0,0,0,0,1,0,0,0,0
X,151842345,rs1894356,G,T,0,0,0,0,0,1,0,0,0,0,1,0,0,0,0
1,150804578,rs10888501,G,A,0,0,0,0,0,0,1,0,0,0,0,1,0,0,0
4,160486784,rs11723634,T,C,0,2,0,0,0,0,0,0,0,0,0,2,0,0,0
2,237103902,rs12104981,A,G,0,0,0,0,0,0,0,0,1,0,0,0,0,1,0
14,68139347,rs17105965,T,C,0,0,0,0,0,1,0,0,0,0,1,0,0,0,0
16,7126903,rs6500918,G,T,0,0,0,0,0,1,0,0,0,0,1,0,0,0,0
11,124048525,rs11824316,G,A,0,0,0,0,0,0,1,0,0,0,0,1,0,0,0
2,33990227,rs1403218,T,C,0,0,0,0,0,0,0,1,0,0,0,0,1,0,0
17,2646685,rs123059,T,C,0,0,0,0,0,0,0,1,0,0,0,0,1,0,0
10,125029006,rs11248481,C,G,0,0,0,0,0,0,0,2,0,0,0,0,2,0,0
2,133474230,rs7596444,T,C,0,0,0,1,0,0,0,0,0,0,0,0,0,1,0
14,62753270,rs12232155,G,T,0,0,0,0,0,1,0,0,0,0,1,0,0,0,0
16,86392444,rs7192741,C,T,0,0,0,1,0,0,0,0,0,0,0,0,0,1,0
15,60434257,rs11638127,G,A,1,0,0,0,0,0,0,0,0,0,1,0,0,0,0
8,146090023,rs12542335,C,T,0,0,0,0,0,0,0,1,0,0,0,0,1,0,0
19,935533,rs2301810,T,C,0,1,0,0,0,0,0,0,0,0,0,1,0,0,0
10,32455795,rs3006632,A,G,0,0,0,0,0,0,0,0,1,0,0,0,0,1,0
8,118417258,rs16889608,C,T,0,0,0,0,0,0,0,1,0,0,0,0,1,0,0
1,236013587,rs790889,T,C,0,0,0,1,0,0,0,0,0,0,0,0,0,1,0
1,235832693,rs791543,G,A,0,0,0,0,0,0,1,0,0,0,0,1,0,0,0
9,25943110,rs2383604,A,G,0,0,0,0,0,0,0,0,1,0,0,0,0,1,0
9,137141347,rs12001599,T,C,0,0,0,0,0,1,0,0,0,0,1,0,0,0,0
7,48482945,rs10255612,T,C,0,1,0,0,0,0,0,0,0,0,0,1,0,0,0
11,98742067,rs11219628,A,G,0,0,0,0,0,0,0,0,1,0,0,0,0,1,0
8,8202414,rs17149611,T,C,0,0,0,1,0,0,0,0,0,0,0,0,0,1,0
2,12746697,rs624895,T,A,0,0,0,0,0,1,0,0,0,0,1,0,0,0,0
14,93531354,rs4905135,C,T,0,0,0,1,0,0,0,0,0,0,0,0,0,1,0
13,91260728,rs1847713,T,C,0,0,0,0,0,0,0,1,0,0,0,0,1,0,0
10,83357905,rs1338111,G,A,0,0,0,0,0,0,1,0,0,0,0,1,0,0,0
17,8066834,rs1017522,C,A,0,0,0,0,0,0,0,0,1,0,0,0,0,1,0
9,85261162,rs11140102,C,A,0,0,0,0,0,0,0,1,0,0,0,0,1,0,0
7,83676552,rs41456548,G,A,0,0,0,0,0,0,1,0,0,0,0,1,0,0,0
2,88176216,rs2970909,C,T,0,0,0,0,0,0,0,1,0,0,0,0,1,0,0
11,95824358,rs543158,T,C,0,0,0,0,0,0,0,1,0,0,0,0,1,0,0
1,94588347,rs1765611,C,G,0,0,0,0,0,0,0,1,0,0,0,0,1,0,0
5,21868337,rs10058472,T,C,0,0,0,0,0,0,0,1,0,0,0,0,1,0,0
11,59693333,rs617135,A,G,0,0,0,0,0,0,0,0,1,0,0,0,0,1,0
17,64130649,rs4968906,T,C,0,1,0,0,0,0,0,0,0,0,0,1,0,0,0
10,71346406,rs3793830,C,T,0,0,0,1,0,0,0,0,0,0,0,0,0,1,0
9,29898464,rs7862516,A,C,1,0,0,0,0,0,0,0,0,0,1,0,0,0,0
20,21872173,rs2424408,C,T,0,0,0,0,0,0,0,1,0,0,0,0,1,0,0
11,93866600,rs1805363,C,T,0,0,0,1,0,0,0,0,0,0,0,0,0,1,0
21,45164940,rs760453,G,A,0,0,0,0,0,0,1,0,0,0,0,1,0,0,0
19,12450174,rs2042297,G,T,0,0,0,1,0,0,0,0,0,0,0,0,0,1,0
7,21050854,rs7795600,T,G,0,0,0,0,0,1,0,0,0,0,1,0,0,0,0
1,154608118,rs7525133,G,A,0,0,1,0,0,0,0,0,0,0,0,0,1,0,0
17,57359710,rs9913705,A,G,1,0,0,0,0,0,0,0,1,0,1,0,0,1,0
7,56000635,rs11238386,A,C,0,1,0,0,0,0,0,0,0,0,0,1,0,0,0
2,230375814,rs1599843,C,T,0,1,0,0,0,0,0,0,0,0,0,1,0,0,0
2,40008069,rs2373704,A,T,1,0,0,0,0,0,0,0,0,0,1,0,0,0,0
10,82032604,rs10887718,C,T,0,0,0,0,0,0,0,1,0,0,0,0,1,0,0
16,80994991,rs3898665,C,G,0,0,0,0,0,0,1,0,0,0,0,1,0,0,0
13,35802296,rs9566086,C,T,0,1,0,0,0,0,0,0,0,0,0,1,0,0,0
13,46268543,rs1216966,A,G,0,0,1,0,0,0,0,0,0,0,0,0,1,0,0
1,108203598,rs10494080,C,A,1,0,0,0,0,0,0,0,0,0,1,0,0,0,0
12,23035460,rs12314006,A,G,1,0,0,0,0,0,0,0,0,0,1,0,0,0,0
3,27510292,rs6799404,T,G,0,0,0,0,0,0,1,0,0,0,0,1,0,0,0
12,115438415,rs1472768,G,A,0,0,1,0,0,0,0,0,0,0,0,0,1,0,0
1,193836237,rs10494727,C,T,0,0,0,0,0,0,0,2,0,0,0,0,2,0,0
3,122498247,rs13324223,T,C,0,0,0,1,0,0,0,0,0,0,0,0,0,1,0
13,100595841,rs7992226,A,G,2,0,0,0,0,0,0,0,0,0,2,0,0,0,0
10,6542103,rs10508308,A,T,0,0,0,0,0,0,0,0,1,0,0,0,0,1,0
X,31128129,rs1317642,C,T,0,1,0,0,0,0,0,0,0,0,0,1,0,0,0
2,10869362,rs2357821,C,G,0,0,1,0,0,0,0,0,0,0,0,0,1,0,0
17,8070416,rs3027251,C,A,0,1,0,0,0,0,0,0,0,0,0,1,0,0,0
21,36213059,rs2257149,C,T,0,0,0,0,0,0,0,1,0,0,0,0,1,0,0
12,43435568,rs11182640,C,A,1,0,0,0,0,0,0,0,0,0,1,0,0,0,0
19,38642117,rs17761012,C,T,0,1,0,0,0,0,0,0,0,0,0,1,0,0,0
3,73943854,rs13081760,G,A,0,0,1,0,0,0,0,0,0,0,0,0,1,0,0
5,72641002,rs10942628,A,T,0,0,0,0,0,0,0,0,1,0,0,0,0,1,0
10,115500657,rs3127082,C,G,0,1,0,0,0,0,0,0,0,0,0,1,0,0,0
1,14773778,rs10927468,A,G,1,0,0,0,0,0,0,0,0,0,1,0,0,0,0
8,142714530,rs4907335,G,T,0,0,0,0,0,1,0,0,0,0,1,0,0,0,0
20,19868469,rs199547,T,C,0,0,0,0,0,1,0,0,0,0,1,0,0,0,0
4,77324198,rs2034002,G,A,0,0,0,0,0,0,1,0,0,0,0,1,0,0,0
14,69685028,rs17107846,G,A,0,0,0,0,0,0,1,0,0,0,0,1,0,0,0
21,14502625,rs118511,T,A,0,0,0,1,0,0,0,0,0,0,0,0,0,1,0
9,126046167,rs10818936,C,G,0,0,0,0,0,0,0,1,0,0,0,0,1,0,0
18,22461691,rs1370911,C,T,0,1,0,0,0,0,0,0,0,0,0,1,0,0,0
4,34724145,rs968774,G,A,0,0,1,0,0,0,0,0,0,0,0,0,1,0,0
17,64619957,rs9282553,C,G,0,1,0,0,0,0,0,0,0,0,0,1,0,0,0
1,232718478,rs11582452,C,T,0,0,0,0,0,0,0,1,0,0,0,0,1,0,0
19,41755872,rs3745779,T,C,0,0,0,0,0,1,0,0,0,0,1,0,0,0,0
17,15276304,rs12947999,C,T,0,0,0,0,0,0,0,1,0,0,0,0,1,0,0
22,16997515,rs4819668,G,A,0,0,1,0,0,0,0,0,0,0,0,0,1,0,0
2,71534140,rs6546693,T,C,0,0,0,1,0,0,0,0,0,0,0,0,0,1,0
1,180254448,rs12564285,T,C,0,0,0,0,0,1,0,0,0,0,1,0,0,0,0
12,69931106,rs7979653,C,T,0,0,0,0,0,0,0,1,0,0,0,0,1,0,0
4,187226364,rs5743306,A,G,1,0,0,0,0,0,0,0,0,0,1,0,0,0,0
12,25948764,rs865505,G,T,0,0,0,0,0,0,1,0,0,0,0,1,0,0,0
10,7870681,rs2853765,G,C,0,0,0,0,0,0,0,1,0,0,0,0,1,0,0
1,235349374,rs41454545,C,G,0,1,0,0,0,0,0,0,0,0,0,1,0,0,0
2,205541766,rs236841,G,A,0,0,0,0,0,0,1,0,0,0,0,1,0,0,0
14,49811999,rs4901009,T,C,0,1,0,0,0,0,0,0,0,0,0,1,0,0,0
3,194518337,rs12632295,T,C,0,0,0,0,0,0,0,1,0,0,0,0,1,0,0
20,38328301,rs5009524,A,T,1,0,0,0,0,0,0,0,0,0,1,0,0,0,0
3,69017393,rs972468,T,G,0,0,0,0,0,1,0,0,0,0,1,0,0,0,0
3,173723693,rs2270418,T,G,0,0,0,1,0,0,0,0,0,0,0,0,0,1,0
1,170284675,rs2295611,T,A,0,0,0,1,0,0,0,0,0,0,0,0,0,1,0
1,18101448,rs679002,G,A,0,0,0,0,0,0,1,0,0,0,0,1,0,0,0
21,15167383,rs2822967,C,A,0,1,0,0,0,0,0,0,0,0,0,1,0,0,0
11,93918361,rs2230274,C,T,0,1,0,0,0,0,0,0,0,0,0,1,0,0,0
20,56436812,rs2268916,A,G,0,0,0,0,0,0,0,0,1,0,0,0,0,1,0
12,95128578,rs10735341,A,G,1,0,0,0,0,0,0,0,0,0,1,0,0,0,0
8,76246403,rs1355255,G,A,0,0,0,0,0,0,1,0,0,0,0,1,0,0,0
X,141541407,rs12011400,G,C,0,0,0,0,0,0,1,0,0,0,0,1,0,0,0
18,59152902,rs2551408,T,A,0,0,0,0,0,0,0,0,1,0,0,0,0,1,0
13,82846491,rs9575287,G,T,0,0,1,0,0,0,0,0,0,0,0,0,1,0,0
10,70519898,rs11815080,G,A,0,0,1,0,0,0,0,0,0,0,0,0,1,0,0
2,161513963,rs1629345,C,A,1,0,0,0,0,0,0,0,0,0,1,0,0,0,0
10,31979491,rs2797129,A,G,0,0,1,0,0,0,0,0,0,0,0,0,1,0,0
14,51584483,rs2516587,C,A,0,0,0,0,0,0,0,0,1,0,0,0,0,1,0
7,70634668,rs6947549,T,G,0,0,0,0,0,0,1,0,0,0,0,1,0,0,0
3,113560147,rs12635872,T,C,0,0,0,1,0,0,0,0,0,0,0,0,0,1,0
12,3878645,rs671401,C,T,0,0,0,0,0,0,0,1,0,0,0,0,1,0,0
21,39156867,rs463922,G,A,0,0,0,0,0,0,1,0,0,0,0,1,0,0,0
2,228652526,rs13409615,C,T,0,1,0,0,0,0,0,0,0,0,0,1,0,0,0
7,141801882,rs10216024,T,C,0,0,0,0,0,1,0,0,0,0,1,0,0,0,0
20,15070605,rs6034110,C,A,1,0,0,0,0,0,0,0,0,0,1,0,0,0,0
3,9261736,rs1877380,C,T,0,1,0,0,0,0,0,0,0,0,0,1,0,0,0
19,61529880,rs7246793,G,T,0,0,0,0,0,0,1,0,0,0,0,1,0,0,0
9,135033518,rs6597603,G,C,0,1,0,0,0,0,0,0,0,0,0,1,0,0,0
1,95754414,rs12134748,G,A,1,0,0,0,0,0,0,0,0,0,1,0,0,0,0
15,58295954,rs1681513,G,C,0,1,0,0,0,0,0,0,0,0,0,1,0,0,0
16,3433241,rs3816916,A,C,0,0,0,0,0,0,0,0,1,0,0,0,0,1,0
X,5269426,rs16997197,G,A,1,0,0,0,0,0,0,0,0,0,1,0,0,0,0
6,165330301,rs9459277,A,G,0,0,1,0,0,0,0,0,0,0,0,0,1,0,0
13,28135076,rs1771199,A,G,0,0,0,0,0,0,0,0,1,0,0,0,0,1,0
11,4849608,rs12273277,G,A,1,0,0,0,0,0,0,0,0,0,1,0,0,0,0
1,182201572,rs6657956,G,C,0,0,1,0,0,0,0,0,0,0,0,0,1,0,0
11,13851791,rs10741628,C,T,0,0,0,0,0,0,0,1,0,0,0,0,1,0,0
3,27839542,rs9857370,T,C,0,0,0,1,0,0,0,0,0,0,0,0,0,1,0
10,80186319,rs10762798,G,A,0,0,0,0,0,0,0,0,1,0,0,0,0,1,0
21,46132455,rs8134872,C,T,0,0,0,0,0,1,0,0,0,0,1,0,0,0,0
3,15623008,rs7651039,T,C,0,0,0,0,0,1,0,0,0,0,1,0,0,0,0
4,178977526,rs4997952,A,T,0,0,0,3,0,0,0,0,0,0,0,0,0,3,0
1,242512787,rs6674582,A,G,0,0,0,0,0,0,0,0,1,0,0,0,0,1,0
1,7930509,rs226472,T,C,0,0,0,0,0,1,0,0,0,0,1,0,0,0,0
16,54870065,rs1871202,C,G,0,0,0,0,0,0,0,1,0,0,0,0,1,0,0
2,145360067,rs1918876,G,A,0,0,0,0,0,0,1,0,0,0,0,1,0,0,0
4,167668407,rs875440,C,G,0,0,0,0,0,0,0,1,0,0,0,0,1,0,0
13,19255220,rs1609606,C,T,0,0,0,1,0,0,0,0,0,0,0,0,0,1,0
18,5511132,rs17382842,A,G,0,0,0,0,0,0,0,0,1,0,0,0,0,1,0
15,94784513,rs11856664,A,G,0,0,0,0,0,0,1,0,0,0,0,1,0,0,0
1,219121002,rs949994,A,G,1,0,0,0,0,0,0,0,0,0,1,0,0,0,0
13,33392021,rs17080180,A,G,0,0,0,0,0,0,0,0,1,0,0,0,0,1,0
19,266788,rs7246500,G,A,0,0,0,0,0,0,1,0,0,0,0,1,0,0,0
1,191061763,rs16834876,C,T,0,0,0,0,0,0,0,1,0,0,0,0,1,0,0
10,17725733,rs2243617,A,G,1,0,0,0,0,0,0,0,0,0,1,0,0,0,0
13,112212018,rs17120218,T,C,0,0,0,0,0,1,0,0,0,0,1,0,0,0,0
2,169086538,rs10202908,C,T,0,0,0,0,0,0,0,1,0,0,0,0,1,0,0
15,79046281,rs16972604,C,A,0,0,0,0,0,0,0,1,0,0,0,0,1,0,0
11,3585346,rs6578394,A,G,1,0,0,0,0,0,0,0,0,0,1,0,0,0,0
1,198658184,rs4414069,T,C,0,0,0,1,0,0,0,0,0,0,0,0,0,1,0
2,166061738,rs16850777,T,A,0,0,0,1,0,0,0,0,0,0,0,0,0,1,0
11,78493948,rs2512077,C,A,0,1,0,0,0,0,0,0,0,0,0,1,0,0,0
2,30609700,rs829624,A,G,0,0,0,0,0,0,0,0,1,0,0,0,0,1,0
3,64591622,rs7636925,A,G,0,0,0,0,0,0,1,0,0,0,0,1,0,0,0
15,38345774,rs3743135,A,G,1,0,0,0,0,0,0,0,0,0,1,0,0,0,0
10,92040889,rs12779981,G,A,1,0,0,0,0,0,0,0,0,0,1,0,0,0,0
7,41966728,rs12155027,C,A,0,0,0,0,0,0,0,1,0,0,0,0,1,0,0
15,71422414,rs488784,T,C,0,0,0,0,0,1,0,0,0,0,1,0,0,0,0
6,141639076,rs13209869,A,G,1,0,0,0,0,0,0,0,0,0,1,0,0,0,0
13,52181063,rs7338913,A,G,0,0,1,0,0,0,0,0,0,0,0,0,1,0,0
8,133404127,rs17599131,T,A,0,0,0,1,0,0,0,0,0,0,0,0,0,1,0
1,28371468,rs17162977,G,C,0,0,1,0,0,0,0,0,0,0,0,0,1,0,0
5,131855090,rs2549005,T,C,0,0,0,0,0,0,0,1,0,0,0,0,1,0,0
18,61901138,rs2058839,G,A,0,0,0,0,0,0,1,0,0,0,0,1,0,0,0
22,40170353,rs106860,T,C,0,0,0,0,0,1,0,0,0,0,1,0,0,0,0
Y,57404245,rs4893684,C,G,0,0,0,0,0,0,0,1,0,0,0,0,1,0,0
Y,57386475,rs2641200,G,A,2,0,0,0,0,0,0,0,0,0,2,0,0,0,0
2,152741036,rs6740224,A,C,1,0,0,0,0,0,0,0,0,0,1,0,0,0,0
19,63092118,rs10424429,G,A,0,0,0,0,0,0,1,0,0,0,0,1,0,0,0
11,7268254,rs10839758,C,G,0,1,0,0,0,0,0,0,0,0,0,1,0,0,0
17,59923805,rs9905016,T,C,0,0,0,1,0,0,0,0,0,0,0,0,0,1,0
21,42679262,rs10887973,T,G,0,0,0,0,0,1,0,0,0,0,1,0,0,0,0
12,121369987,rs3825097,A,G,0,0,0,0,0,0,0,0,1,0,0,0,0,1,0
8,127614849,rs16901496,T,C,0,0,0,0,0,1,0,0,0,0,1,0,0,0,0
X,80344854,rs7060360,C,G,0,0,0,0,0,0,0,1,0,0,0,0,1,0,0
1,223069863,rs12144503,G,A,0,0,0,0,0,0,1,0,0,0,0,1,0,0,0
10,59015565,rs4526702,A,G,0,0,1,0,0,0,0,0,0,0,0,0,1,0,0
16,5165218,rs13337363,G,C,0,0,1,0,0,0,0,0,0,0,0,0,1,0,0
6,90455624,rs6914142,G,A,0,0,0,0,0,0,1,0,0,0,0,1,0,0,0
22,37933875,rs5757556,G,A,0,0,0,0,0,0,1,0,0,0,0,1,0,0,0
X,67090756,rs17302236,G,C,0,0,0,0,0,0,1,0,0,0,0,1,0,0,0
X,65130896,rs5965079,C,T,0,0,0,0,0,0,0,1,0,0,0,0,1,0,0
X,64958553,rs7049985,G,A,0,0,1,0,0,0,0,0,0,0,0,0,1,0,0
X,64535769,rs7065623,G,A,0,0,1,0,0,0,0,0,0,0,0,0,1,0,0
1,200868820,rs10494835,C,T,0,0,0,0,0,0,0,1,0,0,0,0,1,0,0
17,19971552,rs1812934,A,T,0,0,0,0,0,0,0,0,1,0,0,0,0,1,0
2,119009241,rs17009883,C,T,0,1,0,0,0,0,0,0,0,0,0,1,0,0,0
1,153290933,rs4845407,G,C,0,0,0,0,0,0,0,1,0,0,0,0,1,0,0
X,45937749,rs984970,C,T,0,0,0,0,0,0,0,1,0,0,0,0,1,0,0
4,183034922,rs17072441,G,A,0,0,1,0,0,0,0,0,0,0,0,0,1,0,0
X,44287145,rs7054700,G,A,0,0,0,0,0,0,1,0,0,0,0,1,0,0,0
20,9637348,rs12481219,T,C,0,1,0,0,0,0,0,0,0,0,0,1,0,0,0
13,99057211,rs912659,C,T,0,1,0,0,0,0,0,0,0,0,0,1,0,0,0
X,37881529,rs7051031,T,A,0,0,0,0,0,1,0,0,0,0,1,0,0,0,0
X,3571596,rs6641817,T,C,0,1,0,0,0,0,0,0,0,0,0,1,0,0,0
10,79974124,rs2140929,A,C,0,1,0,0,0,0,0,0,0,0,0,1,0,0,0
1,149247176,rs3002293,C,T,0,0,0,1,0,0,0,0,0,0,0,0,0,1,0
X,34206272,rs11095329,G,A,1,0,0,0,0,0,0,0,0,0,1,0,0,0,0
6,41752392,rs12526403,C,T,0,1,0,0,0,0,0,0,0,0,0,1,0,0,0
7,28982309,rs221193,T,G,0,0,0,0,0,1,0,0,0,0,1,0,0,0,0
2,57207424,rs4672198,T,C,0,0,0,1,0,0,0,0,0,0,0,0,0,1,0
8,48811243,rs3614,A,T,0,0,0,0,0,0,0,0,1,0,0,0,0,1,0
X,2747536,rs901320,A,G,0,0,1,0,0,0,0,0,0,0,0,0,1,0,0
15,99840279,rs6598484,A,G,0,0,0,0,0,0,1,0,0,0,0,1,0,0,0
X,55043273,rs7889977,G,C,0,0,1,0,0,0,0,0,0,0,0,0,1,0,0
18,44714654,rs7351039,G,A,0,0,0,0,0,0,1,0,0,0,0,1,0,0,0
16,19528363,rs226898,C,T,0,0,0,0,0,1,0,0,0,0,1,0,0,0,0
17,25468309,rs6505162,A,C,0,0,0,0,0,0,0,1,0,0,0,0,1,0,0
1,230378491,rs12068588,C,T,0,0,0,0,0,0,0,1,0,0,0,0,1,0,0
4,142911413,rs1493015,T,C,0,0,0,0,0,1,0,0,0,0,1,0,0,0,0
X,153933999,rs1448032,G,A,0,0,1,0,0,0,0,0,0,0,0,0,1,0,0
11,20720575,rs10766721,T,C,0,1,0,0,0,0,0,0,0,0,0,1,0,0,0
6,25059178,rs647297,G,A,1,0,0,0,0,0,0,0,0,0,1,0,0,0,0
14,81368926,rs12589327,A,T,0,0,0,1,0,0,0,0,0,0,0,0,0,1,0
10,14007173,rs2797860,C,G,0,0,1,0,0,0,0,0,0,0,0,0,1,0,0
6,84745147,rs9449740,A,G,0,0,0,0,0,0,0,0,1,0,0,0,0,1,0
7,22122285,rs7811895,C,T,0,0,0,0,0,0,0,1,0,0,0,0,1,0,0
9,83082990,rs10780502,C,T,0,0,0,0,0,0,0,1,0,0,0,0,1,0,0
21,26496519,rs458744,T,C,0,0,0,1,0,0,0,0,0,0,0,0,0,1,0
17,6644845,rs2271233,C,T,0,0,0,0,0,0,0,1,0,0,0,0,1,0,0
18,48798869,rs7505465,T,C,0,0,0,0,0,0,0,2,0,0,0,0,2,0,0
8,29922345,rs16876219,T,C,0,0,0,1,0,0,0,0,0,0,0,0,0,1,0
18,13959148,rs7238756,T,G,0,0,0,1,0,0,0,0,0,0,0,0,0,1,0
6,13065811,rs4236093,C,G,0,0,1,0,0,0,0,0,0,0,0,0,1,0,0
17,29660884,rs4100073,G,A,0,0,1,0,0,0,0,0,0,0,0,0,1,0,0
16,4666009,rs1684605,A,G,0,0,1,0,0,0,0,0,0,0,0,0,1,0,0
21,23963807,rs1999310,T,C,0,0,0,0,0,0,0,1,0,0,0,0,1,0,0
X,117528165,rs7052630,G,A,1,0,0,0,0,0,0,0,0,0,1,0,0,0,0
8,109793962,rs1039165,G,A,0,0,1,0,0,0,0,0,0,0,0,0,1,0,0
18,70264181,rs1991277,G,A,0,0,0,0,0,0,0,0,1,0,0,0,0,1,0
14,76384784,rs8003586,A,G,1,0,0,0,0,0,0,0,0,0,1,0,0,0,0
X,106282845,rs2275789,A,G,0,0,0,0,0,0,0,0,1,0,0,0,0,1,0
X,102026274,rs3813182,A,G,0,0,0,0,0,0,0,0,1,0,0,0,0,1,0
21,34806395,rs11702354,G,A,0,0,1,0,0,0,0,0,0,0,0,0,1,0,0
22,40211992,rs9623409,G,C,0,0,0,0,0,0,2,0,0,0,0,2,0,0,0
10,69193368,rs7072543,G,C,0,0,1,0,0,0,0,0,0,0,0,0,1,0,0
1,38451968,rs12407274,C,A,0,0,0,0,0,0,0,1,0,0,0,0,1,0,0
M,9073,rs28358269,A,G,0,0,0,0,0,0,0,0,1,0,0,0,0,1,0
M,8720,rs28624611,G,A,0,0,0,0,0,0,1,0,0,0,0,1,0,0,0
M,5400,rs28631235,C,A,0,0,0,0,0,0,0,1,0,0,0,0,1,0,0
M,3919,rs28357972,G,A,0,0,0,0,0,0,1,0,0,0,0,1,0,0,0
M,11844,rs28713729,G,A,0,0,0,0,0,0,1,0,0,0,0,1,0,0,0
16,13672330,rs2105842,C,T,0,0,0,1,0,0,0,0,0,0,0,0,0,1,0
11,3727764,rs276895,G,A,0,0,1,0,0,0,0,0,0,0,0,0,1,0,0
9,9054648,rs10816043,G,A,0,0,0,0,0,0,1,0,0,0,0,1,0,0,0
9,89446457,rs6560011,T,C,0,0,0,0,0,1,0,0,0,0,1,0,0,0,0
1,42008999,rs4660577,T,C,0,0,0,0,0,0,0,1,0,0,0,0,1,0,0
9,89324847,rs17399090,C,T,0,2,0,0,0,0,0,0,0,0,0,2,0,0,0
9,89250195,rs6559988,T,C,0,1,0,0,0,0,0,0,0,0,0,1,0,0,0
8,32316134,rs1685116,G,C,0,0,1,0,0,0,0,0,0,0,0,0,1,0,0
9,88086776,rs9314750,A,G,0,0,1,0,0,0,0,0,0,0,0,0,1,0,0
9,87547315,rs3812508,G,A,0,0,1,0,0,0,0,0,0,0,0,0,1,0,0
22,42826544,rs16991465,C,T,0,0,0,0,0,0,0,1,0,0,0,0,1,0,0
9,86008233,rs11140439,G,A,0,0,0,0,0,0,1,0,0,0,0,1,0,0,0
2,113602297,rs444413,G,A,0,0,0,0,0,0,0,0,1,0,0,0,0,1,0
8,106276582,rs1460580,C,G,0,0,0,0,0,0,0,1,0,0,0,0,1,0,0
11,124193527,rs663642,G,A,0,0,2,0,0,0,0,0,0,0,0,0,2,0,0
4,187609643,rs6815224,G,T,0,0,0,0,0,1,0,0,0,0,1,0,0,0,0
9,75096487,rs7032743,C,T,0,1,0,0,0,0,0,0,0,0,0,1,0,0,0
11,125586613,rs2282580,T,C,0,0,0,0,0,0,0,1,0,0,0,0,1,0,0
9,72911936,rs972386,C,T,0,0,0,0,0,1,0,0,0,0,1,0,0,0,0
2,173631383,rs6707813,A,G,0,0,0,0,0,0,1,0,0,0,0,1,0,0,0
12,60477554,rs11174178,G,A,0,0,1,0,0,0,0,0,0,0,0,0,1,0,0
16,88643119,rs9921920,C,G,0,0,0,0,0,0,0,1,0,0,0,0,1,0,0
2,2992214,rs12623874,G,A,0,0,0,0,0,0,1,0,0,0,0,1,0,0,0
9,4258575,rs12377056,G,A,0,0,0,0,0,0,1,0,0,0,0,1,0,0,0
9,37946128,rs17516806,T,G,0,0,0,0,0,1,0,0,0,0,1,0,0,0,0
9,3749975,rs1929353,A,G,0,0,0,0,0,0,0,0,1,0,0,0,0,1,0
4,84596005,rs10516688,C,A,0,0,0,0,0,0,0,2,0,0,0,0,2,0,0
9,36127798,rs10814335,T,C,0,0,0,1,0,0,0,0,0,0,0,0,0,1,0
3,10949427,rs2697159,G,A,0,0,0,0,0,0,1,0,0,0,0,1,0,0,0
1,198334692,rs2816997,T,C,0,0,0,0,0,0,0,1,0,0,0,0,1,0,0
3,62874961,rs2367403,T,C,0,1,0,0,0,0,0,0,0,0,0,1,0,0,0
9,31806010,rs2770360,A,G,1,0,0,0,0,0,0,0,0,0,1,0,0,0,0
2,68163605,rs1868403,T,C,0,0,0,1,0,0,0,0,0,0,0,0,0,1,0
9,293396,rs10969094,C,T,0,0,0,0,0,0,0,1,0,0,0,0,1,0,0
4,68239381,rs9998837,A,G,1,0,0,0,0,0,0,0,0,0,1,0,0,0,0
1,27351829,rs7546453,G,A,0,0,0,0,0,0,1,0,0,0,0,1,0,0,0
9,27444856,rs10967944,T,C,0,0,0,1,0,0,0,0,0,0,0,0,0,1,0
9,23624624,rs1411241,C,T,0,0,0,0,0,0,0,1,0,0,0,0,1,0,0
5,4496854,rs1025509,G,A,0,0,1,0,0,0,0,0,0,0,0,0,1,0,0
15,49852924,rs12592771,A,G,1,0,0,0,0,0,0,0,0,0,1,0,0,0,0
9,140082544,rs10867101,G,A,0,0,0,0,0,0,1,0,0,0,0,1,0,0,0
12,46065763,rs2905485,C,T,0,1,0,0,0,0,0,0,0,0,0,1,0,0,0
3,177378384,rs41325250,T,C,0,0,0,1,0,0,0,0,0,0,0,0,0,1,0
6,78231771,rs4140535,G,A,0,0,0,0,0,0,2,0,0,0,0,2,0,0,0
1,147414362,rs11587304,C,A,0,0,0,0,0,0,0,0,1,0,0,0,0,1,0
9,16388814,rs7037135,C,T,0,0,0,0,0,0,0,1,0,0,0,0,1,0,0
9,16378129,rs7873374,A,G,1,0,0,0,0,0,0,0,0,0,1,0,0,0,0
9,15952335,rs12685476,C,T,0,0,0,0,0,0,0,2,0,0,0,0,2,0,0
9,15279578,rs471364,C,T,0,0,0,2,0,0,0,0,0,0,0,0,0,2,0
18,25457274,rs9966263,T,G,0,0,0,1,0,0,0,0,0,0,0,0,0,1,0
16,30993066,rs4889615,T,A,0,0,0,0,0,0,0,0,1,0,0,0,0,1,0
9,138845048,rs2811749,C,T,0,0,0,0,0,1,0,0,0,0,1,0,0,0,0
3,193307732,rs11713498,G,A,0,0,0,0,0,0,1,0,0,0,0,1,0,0,0
21,36354780,rs7280136,C,G,0,0,0,0,0,0,1,0,0,0,0,1,0,0,0
12,59081129,rs2655878,A,T,0,0,0,1,0,0,0,0,0,0,0,0,0,1,0
9,128769224,rs665249,G,A,1,0,0,0,0,0,0,0,0,0,1,0,0,0,0
9,127552169,rs12005972,A,G,1,0,0,0,0,0,0,0,0,0,1,0,0,0,0
9,127114628,rs432757,T,C,0,1,0,0,0,0,0,0,0,0,0,1,0,0,0
10,111830715,rs1009532,A,G,0,0,0,0,0,0,0,0,1,0,0,0,0,1,0
14,64768581,rs1760961,G,A,1,0,0,0,0,0,0,0,0,0,1,0,0,0,0
9,124218896,rs1832744,A,G,0,0,1,0,0,0,0,0,0,0,0,0,1,0,0
M,14179,rs28357671,T,C,0,0,0,1,0,0,0,0,0,0,0,0,0,1,0
9,120523994,rs10818226,G,C,0,0,0,0,0,0,1,0,0,0,0,1,0,0,0
9,12035499,rs7873547,A,C,0,0,0,0,0,0,0,1,0,0,0,0,1,0,0
9,120167109,rs17438099,G,T,0,0,1,0,0,0,0,0,0,0,0,0,1,0,0
9,119509875,rs1927911,A,G,0,0,0,0,0,0,0,0,1,0,0,0,0,1,0
17,73802543,rs6501192,A,G,0,0,1,0,0,0,0,0,0,0,0,0,1,0,0
6,100287522,rs9495335,A,C,1,0,0,0,0,0,0,0,0,0,1,0,0,0,0
14,59628298,rs160240,A,G,0,0,0,0,0,0,1,0,0,0,0,1,0,0,0
9,115930417,rs2418267,A,G,0,0,0,0,0,0,1,0,0,0,0,1,0,0,0
9,112309092,rs10125913,C,T,0,0,0,0,0,0,0,1,0,0,0,0,1,0,0
1,27870981,rs10902662,C,T,0,1,0,0,0,0,0,0,0,0,0,1,0,0,0
15,96500418,rs12437584,C,T,0,1,0,0,0,0,0,0,0,0,0,1,0,0,0
2,21556606,rs13392037,C,T,0,0,0,0,0,0,0,1,0,0,0,0,1,0,0
9,102833712,rs2486382,A,G,0,0,1,0,0,0,0,0,0,0,0,0,1,0,0
8,98654453,rs7013802,T,C,0,0,0,0,0,1,0,0,0,0,1,0,0,0,0
4,108240048,rs435887,G,A,0,0,0,0,0,0,0,0,1,0,0,0,0,1,0
4,2622290,rs3755887,T,C,0,0,0,0,0,0,0,1,0,0,0,0,1,0,0
8,96189090,rs1561715,G,A,0,0,0,0,0,0,0,0,1,0,0,0,0,1,0
1,14498111,rs7527386,A,T,1,0,0,0,0,0,0,0,0,0,1,0,0,0,0
22,25808521,rs5761945,C,T,0,0,0,0,0,0,0,1,0,0,0,0,1,0,0
8,91794612,rs16905221,T,G,0,0,0,0,0,1,0,0,0,0,1,0,0,0,0
12,62398390,rs4113444,G,A,1,0,0,0,0,0,0,0,0,0,1,0,0,0,0
1,241877205,rs7547861,C,T,0,0,0,0,0,1,0,0,0,0,1,0,0,0,0
8,91065147,rs1805799,T,C,0,0,0,1,0,0,0,0,0,0,0,0,0,1,0
8,90935078,rs432457,A,G,0,0,1,0,0,0,0,0,0,0,0,0,1,0,0
8,85649098,rs1268562,A,T,0,0,0,0,0,0,0,0,1,0,0,0,0,1,0
8,8431707,rs13249144,C,T,0,0,0,0,0,1,0,0,0,0,1,0,0,0,0
21,16736068,rs2823804,G,C,0,0,1,0,0,0,0,0,0,0,0,0,1,0,0
19,61052475,rs7258704,C,T,0,1,0,0,0,0,0,0,0,0,0,1,0,0,0
3,186623829,rs12490248,C,G,0,0,0,0,0,0,0,1,0,0,0,0,1,0,0
19,6432530,rs3887594,A,G,1,0,0,0,0,0,0,0,0,0,1,0,0,0,0
20,48411147,rs4811047,G,T,0,0,0,0,0,2,0,0,0,0,2,0,0,0,0
5,128505098,rs10520027,G,A,0,0,1,0,0,0,0,0,0,0,0,0,1,0,0
11,61396955,rs174449,G,A,0,0,1,0,0,0,0,0,0,0,0,0,1,0,0
11,78771802,rs572460,A,G,0,0,0,0,0,0,0,0,1,0,0,0,0,1,0
2,221927848,rs10168570,G,A,1,0,0,0,0,0,0,0,0,0,1,0,0,0,0
21,42413529,rs220149,G,T,0,0,0,0,0,1,0,0,0,0,1,0,0,0,0
15,32815701,rs583424,G,A,0,0,0,0,0,0,1,0,0,0,0,1,0,0,0
8,116554370,rs4422804,A,C,1,0,0,0,0,0,0,0,0,0,1,0,0,0,0
3,180805079,rs2339844,A,C,1,0,0,0,0,0,0,0,0,0,1,0,0,0,0
8,67742349,rs7840192,T,C,0,0,0,0,0,2,0,0,0,0,2,0,0,0,0
8,644796,rs10092924,T,G,0,0,0,1,0,0,0,0,0,0,0,0,0,1,0
12,4704798,rs12809178,G,C,0,0,1,0,0,0,0,0,0,0,0,0,1,0,0
8,6048150,rs12676460,T,A,0,0,0,0,0,1,0,0,0,0,1,0,0,0,0
10,124926067,rs10902886,A,G,0,0,0,0,0,0,0,0,1,0,0,0,0,1,0
8,58747448,rs6994006,A,G,1,0,0,0,0,0,0,0,0,0,1,0,0,0,0
8,53824891,rs7014449,G,A,0,0,1,0,0,0,0,0,0,0,0,0,1,0,0
10,17754396,rs10904986,A,G,1,0,0,0,0,0,0,0,0,0,1,0,0,0,0
1,158835316,rs1604783,C,G,0,0,0,0,0,0,2,0,0,0,0,2,0,0,0
1,14099195,rs2744645,G,T,0,0,1,0,0,0,0,0,0,0,0,0,1,0,0
16,25589719,rs1913563,C,G,0,0,0,0,0,0,0,1,0,0,0,0,1,0,0
22,17847717,rs4141527,C,T,0,1,0,0,0,0,0,0,0,0,0,1,0,0,0
8,40020508,rs7814859,C,T,0,0,0,0,0,0,0,1,0,0,0,0,1,0,0
20,25669022,rs6037229,A,C,0,0,0,0,0,0,0,0,1,0,0,0,0,1,0
8,3330955,rs10087333,T,C,0,0,0,0,0,0,0,1,0,0,0,0,1,0,0
8,2957838,rs4875767,T,A,0,0,0,0,0,0,0,0,1,0,0,0,0,1,0
20,13315308,rs2876344,C,T,0,0,0,1,0,0,0,0,0,0,0,0,0,1,0
13,106176521,rs9301160,C,G,0,0,0,0,0,0,0,1,0,0,0,0,1,0,0
19,16864789,rs773901,T,G,0,0,0,0,0,1,0,0,0,0,1,0,0,0,0
14,88519245,rs762017,A,G,0,0,1,0,0,0,0,0,0,0,0,0,1,0,0
6,71078947,rs696990,T,C,0,0,0,1,0,0,0,0,0,0,0,0,0,1,0
16,67398089,rs4783573,A,G,1,0,0,0,0,0,0,0,0,0,1,0,0,0,0
2,146404405,rs2063807,G,A,1,0,0,0,0,0,0,0,0,0,1,0,0,0,0
21,16667957,rs2823759,G,C,0,0,1,0,0,0,0,0,0,0,0,0,1,0,0
16,67678822,rs9673498,C,T,0,0,0,0,0,0,0,1,0,0,0,0,1,0,0
14,95763396,rs7149163,T,C,0,0,0,0,0,2,0,0,0,0,2,0,0,0,0
12,59609155,rs17124384,A,G,0,0,0,0,0,0,0,0,1,0,0,0,0,1,0
4,170686155,rs10010203,A,G,0,0,0,0,0,0,0,0,1,0,0,0,0,1,0
8,144244132,rs4977127,G,A,0,0,0,0,0,0,0,0,1,0,0,0,0,1,0
8,144160964,rs4596631,C,A,0,1,0,0,0,0,0,0,0,0,0,1,0,0,0
4,148960608,rs12650219,G,A,0,0,0,0,0,0,0,0,1,0,0,0,0,1,0
8,142208369,rs3739231,C,T,0,0,0,1,0,0,0,0,0,0,0,0,0,1,0
2,100888698,rs4851377,C,T,0,1,0,0,0,0,0,0,0,0,0,1,0,0,0
2,44085578,rs12712904,G,C,0,0,0,0,0,0,0,1,0,0,0,0,1,0,0
8,136304851,rs6991167,A,G,1,0,0,0,0,0,0,0,0,0,1,0,0,0,0
16,12744248,rs8057200,G,A,0,0,0,0,0,0,0,0,1,0,0,0,0,1,0
11,94702530,rs486829,C,T,0,0,0,1,0,0,0,0,0,0,0,0,0,1,0
8,134065910,rs1357452,G,T,0,0,1,0,0,0,0,0,0,0,0,0,1,0,0
5,84896722,rs1827347,T,C,0,0,0,0,0,1,0,0,0,0,1,0,0,0,0
3,10567147,rs4355264,T,C,0,1,0,0,0,0,0,0,0,0,0,1,0,0,0
17,40564152,rs8069937,G,A,0,0,1,0,0,0,0,0,0,0,0,0,1,0,0
2,18373513,rs1400444,C,T,0,0,0,0,0,1,0,0,0,0,1,0,0,0,0
4,182003106,rs11737773,C,T,0,0,0,0,0,0,0,1,0,0,0,0,1,0,0
8,125362423,rs10808533,T,C,0,1,0,0,0,0,0,0,0,0,0,1,0,0,0
8,121298483,rs4870725,G,A,0,0,1,0,0,0,0,0,0,0,0,0,1,0,0
6,26163347,rs13220395,G,A,0,0,0,0,0,0,1,0,0,0,0,1,0,0,0
10,8546935,rs10737030,C,T,0,0,0,0,0,1,0,0,0,0,1,0,0,0,0
6,36928543,rs236349,A,G,0,0,1,0,0,0,0,0,0,0,0,0,1,0,0
6,87362305,rs2048194,A,T,0,0,0,0,0,1,0,0,0,0,1,0,0,0,0
4,184738669,rs7662749,T,C,0,1,0,0,0,0,0,0,0,0,0,1,0,0,0
1,93419021,rs2255722,T,C,0,1,0,0,0,0,0,0,0,0,0,1,0,0,0
8,11178874,rs7833217,G,C,0,0,0,0,0,0,1,0,0,0,0,1,0,0,0
8,11046727,rs17725480,C,T,0,0,0,0,0,1,0,0,0,0,1,0,0,0,0
8,109330494,rs1457211,A,G,0,0,0,0,0,0,2,0,0,0,0,2,0,0,0
8,60225744,rs16924684,C,T,0,0,0,0,0,0,0,1,0,0,0,0,1,0,0
8,103868094,rs2436875,A,G,1,0,0,0,0,0,0,0,0,0,1,0,0,0,0
11,66029552,rs10501397,C,A,0,0,0,0,0,0,0,1,0,0,0,0,1,0,0
15,40163270,rs12442923,C,T,0,1,0,0,0,0,0,0,0,0,0,1,0,0,0
7,98438775,rs2283015,C,G,0,1,0,0,0,0,0,0,0,0,0,1,0,0,0
2,10203817,rs6706570,A,G,0,0,1,0,0,0,0,0,0,0,0,0,1,0,0
12,4144645,rs10774201,G,A,0,0,0,0,0,0,0,0,1,0,0,0,0,1,0
1,226363368,rs849749,C,T,0,0,0,0,0,0,0,1,0,0,0,0,1,0,0
10,127759535,rs985461,C,T,0,0,0,1,0,0,0,0,0,0,0,0,0,1,0
7,11377438,rs7458335,A,G,0,0,0,0,0,0,0,0,1,0,0,0,0,1,0
7,7998730,rs37997,G,C,0,1,0,0,0,0,0,0,0,0,0,1,0,0,0
7,103970145,rs1477110,C,T,0,1,0,0,0,0,0,0,0,0,0,1,0,0,0
4,78079830,rs2703141,G,A,1,0,0,0,0,0,0,0,0,0,1,0,0,0,0
1,32957223,rs359948,G,A,0,0,2,0,0,0,0,0,0,0,0,0,2,0,0
4,120261338,rs10008206,G,C,0,0,1,0,0,0,0,0,0,0,0,0,1,0,0
8,90862983,rs16900581,T,C,0,0,0,1,0,0,0,0,0,0,0,0,0,1,0
7,70239348,rs11762382,C,T,0,0,0,0,0,0,0,1,0,0,0,0,1,0,0
2,172196357,rs7606149,G,A,0,0,1,0,0,0,0,0,0,0,0,0,1,0,0
7,66442520,rs4718533,G,A,1,0,0,0,0,0,0,0,0,0,1,0,0,0,0
3,173223843,rs580496,G,A,0,0,0,0,0,0,1,0,0,0,0,1,0,0,0
11,19551762,rs1487202,T,G,0,0,0,1,0,0,0,0,0,0,0,0,0,1,0
7,56361346,rs11489759,G,A,0,0,0,0,0,0,2,0,0,0,0,2,0,0,0
7,50911879,rs12532610,A,G,1,0,0,0,0,0,0,0,0,0,1,0,0,0,0
3,128101027,rs10512671,G,A,0,0,1,0,0,0,0,0,0,0,0,0,1,0,0
6,141438339,rs2328183,C,T,0,1,0,0,0,0,0,0,0,0,0,1,0,0,0
7,39572599,rs7777434,G,T,0,0,1,0,0,0,0,0,0,0,0,0,1,0,0
7,38732001,rs12701661,C,T,0,0,0,0,0,0,0,1,0,0,0,0,1,0,0
10,31516165,rs10508758,T,C,0,0,0,1,0,0,0,0,0,0,0,0,0,1,0
17,41450308,rs17652502,G,A,0,0,0,0,0,0,0,0,1,0,0,0,0,1,0
3,11982208,rs17035545,A,C,0,0,0,0,0,0,0,0,1,0,0,0,0,1,0
7,37220456,rs6944624,T,C,0,0,0,1,0,0,0,0,0,0,0,0,0,1,0
7,36795941,rs7801510,G,A,0,0,1,0,0,0,0,0,0,0,0,0,1,0,0
13,45035288,rs2986002,G,A,0,0,1,0,0,0,0,0,0,0,0,0,1,0,0
1,111563951,rs4838892,A,C,0,0,0,0,0,0,0,1,0,0,0,0,1,0,0
2,4964194,rs6720607,G,A,0,0,0,0,0,0,1,0,0,0,0,1,0,0,0
8,54825832,rs10435587,T,C,0,0,0,0,0,1,0,0,0,0,1,0,0,0,0
10,122889375,rs2130784,C,T,0,1,0,0,0,0,0,0,0,0,0,1,0,0,0
7,23112477,rs11772019,A,G,0,0,1,0,0,0,0,0,0,0,0,0,1,0,0
7,20996157,rs4610629,T,G,0,0,0,1,0,0,0,0,0,0,0,0,0,1,0
1,247087307,rs11205415,T,G,0,0,0,1,0,0,0,0,0,0,0,0,0,1,0
7,18038557,rs12699963,A,G,0,0,0,0,0,0,1,0,0,0,0,1,0,0,0
7,155412564,rs7791016,G,C,0,0,1,0,0,0,0,0,0,0,0,0,1,0,0
7,155105649,rs4716794,A,G,0,0,1,0,0,0,0,0,0,0,0,0,1,0,0
7,152064756,rs4376425,G,A,0,0,0,0,0,0,1,0,0,0,0,1,0,0,0
2,236208450,rs10177178,G,A,0,0,0,0,0,0,1,0,0,0,0,1,0,0,0
2,13671174,rs12474271,T,C,0,0,0,0,0,0,0,1,0,0,0,0,1,0,0
3,37793114,rs17036944,A,G,1,0,0,0,0,0,0,0,0,0,1,0,0,0,0
7,150356655,rs2303922,A,C,1,0,0,0,0,0,0,0,0,0,1,0,0,0,0
13,99973880,rs837324,C,T,0,0,0,0,0,1,0,0,0,0,1,0,0,0,0
1,47843743,rs4554761,G,A,0,0,1,0,0,0,0,0,0,0,0,0,1,0,0
7,147177980,rs1177008,A,T,0,0,0,0,0,0,0,0,1,0,0,0,0,1,0
7,14439369,rs12540892,C,T,0,0,0,0,0,1,0,0,0,0,1,0,0,0,0
6,110370337,rs9487258,C,T,0,1,0,0,0,0,0,0,0,0,0,1,0,0,0
15,53138984,rs12898869,G,A,0,0,1,0,0,0,0,0,0,0,0,0,1,0,0
19,59151696,rs7255328,A,G,0,0,2,0,0,0,0,0,0,0,0,0,2,0,0
19,56878446,rs11672944,G,C,0,0,1,0,0,0,0,0,0,0,0,0,1,0,0
1,64315804,rs1260765,T,C,0,0,0,0,0,1,0,0,0,0,1,0,0,0,0
19,7054423,rs12460645,T,C,0,1,0,0,0,0,0,0,0,0,0,1,0,0,0
6,90180305,rs854921,G,C,0,0,0,0,0,0,0,1,0,0,0,0,1,0,0
7,126665107,rs950373,C,T,0,2,0,0,0,0,0,0,0,0,0,2,0,0,0
15,83445463,rs4843019,T,G,0,0,0,0,0,0,1,0,0,0,0,1,0,0,0
11,15427773,rs11023577,A,G,0,0,0,0,0,0,0,0,1,0,0,0,0,1,0
9,136998239,rs10858305,C,T,0,1,0,0,0,0,0,0,0,0,0,1,0,0,0
7,119966116,rs802377,G,T,0,0,1,0,0,0,0,0,0,0,0,0,1,0,0
7,115456668,rs17302005,A,G,1,0,0,0,0,0,0,0,0,0,1,0,0,0,0
14,101399588,rs2448246,T,C,0,0,0,1,0,0,0,0,0,0,0,0,0,1,0
18,12923472,rs11080613,T,G,0,0,0,0,0,1,0,0,0,0,1,0,0,0,0
2,234953210,rs10205735,C,T,0,0,0,0,0,0,0,1,0,0,0,0,1,0,0
7,107282883,rs1468435,G,C,0,0,0,0,0,0,1,0,0,0,0,1,0,0,0
7,34668288,rs10265037,C,T,0,0,0,1,0,0,0,0,0,0,0,0,0,1,0
7,103855800,rs41474048,G,C,0,0,1,0,0,0,0,0,0,0,0,0,1,0,0
7,101335727,rs6465837,G,A,0,0,1,0,0,0,0,0,0,0,0,0,1,0,0
3,189441783,rs9863680,C,G,0,0,0,0,0,0,1,0,0,0,0,1,0,0,0
7,136757487,rs12535157,C,A,0,1,0,0,0,0,0,0,0,0,0,1,0,0,0
13,97993091,rs12853561,C,T,0,0,0,1,0,0,0,0,0,0,0,0,0,1,0
12,102883720,rs4135037,T,C,0,0,0,1,0,0,0,0,0,0,0,0,0,1,0
11,3724877,rs7101445,G,C,0,0,1,0,0,0,0,0,0,0,0,0,1,0,0
6,7780862,rs13212191,T,C,0,0,0,0,0,1,0,0,0,0,1,0,0,0,0
6,92326247,rs9362889,A,G,0,0,0,0,0,0,1,0,0,0,0,1,0,0,0
6,88125987,rs7745870,C,T,0,0,0,0,0,0,0,1,0,0,0,0,1,0,0
6,87882028,rs1075068,T,A,0,0,0,0,0,0,0,0,1,0,0,0,0,1,0
5,29540998,rs10472700,G,A,0,0,1,0,0,0,0,0,0,0,0,0,1,0,0
6,71625656,rs3734371,A,G,1,0,0,0,0,0,0,0,0,0,1,0,0,0,0
9,102916889,rs3983746,A,G,0,0,1,0,0,0,0,0,0,0,0,0,1,0,0
6,6752052,rs17142588,C,A,0,1,0,0,0,0,0,0,0,0,0,1,0,0,0
1,54881566,rs10888858,A,G,0,0,0,0,0,0,1,0,0,0,0,1,0,0,0
21,23340783,rs415729,T,C,0,0,0,0,0,0,0,1,0,0,0,0,1,0,0
6,56521124,rs4236145,C,T,0,0,0,0,0,1,0,0,0,0,1,0,0,0,0
21,23831597,rs9984304,C,T,0,0,0,0,0,0,0,1,0,0,0,0,1,0,0
6,53179308,rs6917666,G,A,0,0,0,0,0,0,0,0,1,0,0,0,0,1,0
6,52955510,rs316133,G,C,0,0,1,0,0,0,0,0,0,0,0,0,1,0,0
6,45260826,rs12213735,T,C,0,0,0,0,0,2,0,0,0,0,2,0,0,0,0
6,44941891,rs10948176,T,C,0,0,0,0,0,1,0,0,0,0,1,0,0,0,0
6,4341866,rs501141,C,T,0,0,0,0,0,0,0,1,0,0,0,0,1,0,0
8,49544829,rs10110839,C,T,0,0,0,0,0,0,0,1,0,0,0,0,1,0,0
6,42105904,rs9357384,G,A,0,0,0,0,0,0,1,0,0,0,0,1,0,0,0
16,80137424,rs12932885,C,T,0,1,0,0,0,0,0,0,0,0,0,1,0,0,0
3,7659290,rs17047771,T,C,0,0,0,1,0,0,0,0,0,0,0,0,0,1,0
6,2968662,rs6596930,A,G,0,0,0,0,0,0,0,0,1,0,0,0,0,1,0
6,2596986,rs9328112,A,G,0,0,0,0,0,0,1,0,0,0,0,1,0,0,0
20,38818668,rs2865879,G,A,0,0,0,0,0,0,0,0,1,0,0,0,0,1,0
4,189611808,rs6821958,C,T,0,0,0,0,0,0,0,1,0,0,0,0,1,0,0
6,150833186,rs12194349,A,G,1,0,0,0,0,0,0,0,0,0,1,0,0,0,0
6,169805579,rs4449637,C,T,0,1,0,0,0,0,0,0,0,0,0,1,0,0,0
6,169729890,rs10945444,T,C,0,1,0,0,0,0,0,0,0,0,0,1,0,0,0
4,123642013,rs4833830,G,A,1,0,0,0,0,0,0,0,0,0,1,0,0,0,0
15,61331724,rs8025798,G,A,0,0,1,0,0,0,0,0,0,0,0,0,1,0,0
6,159611647,rs389546,T,C,0,1,0,0,0,0,0,0,0,0,0,1,0,0,0
15,78737788,rs7171050,C,T,0,0,0,1,0,0,0,0,0,0,0,0,0,1,0
14,28076692,rs10130237,C,T,0,0,0,1,0,0,0,0,0,0,0,0,0,1,0
14,78630770,rs2202178,A,G,0,0,1,0,0,0,0,0,0,0,0,0,1,0,0
6,152929977,rs866015,T,G,0,0,0,0,0,0,1,0,0,0,0,1,0,0,0
10,95408092,rs829107,T,C,0,1,0,0,0,0,0,0,0,0,0,1,0,0,0
6,149166809,rs9390613,C,T,0,0,0,0,0,0,0,1,0,0,0,0,1,0,0
6,149069252,rs6918447,G,A,1,0,0,0,0,0,0,0,0,0,1,0,0,0,0
6,149063653,rs6919117,G,A,0,0,1,0,0,0,0,0,0,0,0,0,1,0,0
11,39626026,rs12416861,A,C,0,0,0,0,0,0,0,0,1,0,0,0,0,1,0
19,57073428,rs17778649,G,A,0,0,2,0,0,0,0,0,0,0,0,0,2,0,0
6,143569956,rs7754866,G,A,0,0,1,0,0,0,0,0,0,0,0,0,1,0,0
10,127993578,rs17758801,G,A,0,0,1,0,0,0,0,0,0,0,0,0,1,0,0
15,78189028,rs12438497,A,T,0,0,0,0,0,1,0,0,0,0,1,0,0,0,0
5,34774514,rs11950200,T,G,0,0,0,0,0,1,0,0,0,0,1,0,0,0,0
16,71089863,rs17609347,C,A,0,0,0,0,0,0,0,1,0,0,0,0,1,0,0
5,132615498,rs6596116,A,C,0,0,0,0,0,0,0,0,1,0,0,0,0,1,0
3,6186117,rs11717004,C,A,0,0,0,0,0,0,0,1,0,0,0,0,1,0,0
16,15993052,rs215072,G,A,0,0,0,0,0,0,1,0,0,0,0,1,0,0,0
6,12545123,rs17698358,T,C,0,0,0,0,0,2,0,0,0,0,2,0,0,0,0
19,10352322,rs280501,C,T,0,0,0,0,0,0,0,1,0,0,0,0,1,0,0
8,4567331,rs17346747,G,A,0,0,0,0,0,0,0,0,1,0,0,0,0,1,0
13,61015457,rs7996432,A,G,0,0,0,0,0,0,0,0,1,0,0,0,0,1,0
6,118914540,rs25422,C,T,0,0,0,0,0,0,0,1,0,0,0,0,1,0,0
9,2487985,rs12683430,C,G,0,0,0,0,0,0,0,1,0,0,0,0,1,0,0
6,1097071,rs11751734,G,A,1,0,0,0,0,0,0,0,0,0,1,0,0,0,0
3,135715928,rs7619451,G,T,0,0,0,0,0,0,1,0,0,0,0,1,0,0,0
10,981966,rs12242982,C,T,0,0,0,0,0,0,0,1,0,0,0,0,1,0,0
3,124204232,rs2120804,G,A,0,0,0,0,0,0,1,0,0,0,0,1,0,0,0
14,44030126,rs17115169,C,T,0,0,0,0,0,0,0,1,0,0,0,0,1,0,0
5,76151227,rs2242992,C,A,0,1,0,0,0,0,0,0,0,0,0,1,0,0,0
5,76707942,rs11750710,G,A,0,0,1,0,0,0,0,0,0,0,0,0,1,0,0
11,33939429,rs2176611,C,T,0,0,0,0,0,1,0,0,0,0,1,0,0,0,0
1,19343249,rs4912050,T,C,0,0,0,1,0,0,0,0,0,0,0,0,0,1,0
10,128549476,rs7076413,G,A,1,0,0,0,0,0,0,0,0,0,1,0,0,0,0
14,86949022,rs10438190,G,T,0,0,0,0,0,0,1,0,0,0,0,1,0,0,0
10,79677275,rs12762957,G,A,1,0,0,0,0,0,0,0,0,0,1,0,0,0,0
4,164307203,rs12331663,G,A,0,0,0,0,0,0,1,0,0,0,0,1,0,0,0
6,27886076,rs2021835,C,T,0,0,0,0,0,0,0,2,0,0,0,0,2,0,0
5,6571928,rs11748341,C,T,0,0,0,0,0,1,0,0,0,0,1,0,0,0,0
5,65052908,rs3806827,G,C,0,1,0,0,0,0,0,0,0,0,0,1,0,0,0
5,109721824,rs6865247,G,T,0,0,0,0,0,0,1,0,0,0,0,1,0,0,0
2,35126734,rs4346360,C,T,0,0,0,0,0,0,0,1,0,0,0,0,1,0,0
16,12458475,rs11646403,C,G,0,1,0,0,0,0,0,0,0,0,0,1,0,0,0
12,130227286,rs10773855,T,A,0,0,0,0,0,0,0,0,1,0,0,0,0,1,0
10,19293823,rs17715366,C,A,0,1,0,0,0,0,0,0,0,0,0,1,0,0,0
14,64077300,rs17101919,G,T,0,0,0,0,0,0,1,0,0,0,0,1,0,0,0
5,31772201,rs16901499,G,A,0,0,0,0,0,0,1,0,0,0,0,1,0,0,0
4,175728933,rs2332895,T,C,0,0,0,0,0,2,0,0,0,0,2,0,0,0,0
5,29405415,rs10040038,A,T,1,0,0,0,0,0,0,0,0,0,1,0,0,0,0
5,2884521,rs6862810,T,C,0,1,0,0,0,0,0,0,0,0,0,1,0,0,0
1,176702590,rs12077260,G,A,0,0,0,0,0,0,1,0,0,0,0,1,0,0,0
11,115295088,rs1268309,A,G,1,0,0,0,0,0,0,0,0,0,1,0,0,0,0
2,19558007,rs13383201,C,T,0,0,0,0,0,0,0,1,0,0,0,0,1,0,0
5,160033645,rs6879149,G,A,0,0,0,0,0,0,0,0,2,0,0,0,0,2,0
12,20346734,rs11045150,G,C,0,0,1,0,0,0,0,0,0,0,0,0,1,0,0
5,171670344,rs7721845,C,T,0,0,0,0,0,0,0,1,0,0,0,0,1,0,0
5,171538167,rs2172048,A,G,1,0,0,0,0,0,0,0,0,0,1,0,0,0,0
18,5998235,rs8096527,G,A,0,0,0,0,0,0,1,0,0,0,0,1,0,0,0
10,134515319,rs7090577,A,G,0,0,0,0,0,0,1,0,0,0,0,1,0,0,0
9,119382985,rs497320,G,T,0,0,0,1,0,0,0,0,0,0,0,0,0,1,0
10,88059468,rs1896526,C,G,0,0,0,0,0,0,1,0,0,0,0,1,0,0,0
9,14204720,rs7040930,C,G,0,0,1,0,0,0,0,0,0,0,0,0,1,0,0
1,28705510,rs2840757,C,A,1,0,0,0,0,0,0,0,0,0,1,0,0,0,0
12,3656976,rs242028,G,A,0,0,0,0,0,0,1,0,0,0,0,1,0,0,0
11,33138854,rs11032185,A,G,1,0,0,0,0,0,0,0,0,0,1,0,0,0,0
5,15298402,rs173557,C,A,0,1,0,0,0,0,0,0,0,0,0,1,0,0,0
5,151468917,rs154100,G,C,0,0,0,0,0,0,1,0,0,0,0,1,0,0,0
7,121826646,rs10241928,A,G,0,0,1,0,0,0,0,0,0,0,0,0,1,0,0
1,210419958,rs17018697,G,A,0,0,0,0,0,0,1,0,0,0,0,1,0,0,0
10,53898218,rs11002177,T,C,0,0,0,0,0,1,0,0,0,0,1,0,0,0,0
1,39184689,rs9659976,C,G,0,1,0,0,0,0,0,0,0,0,0,1,0,0,0
X,21883804,rs2238962,C,T,0,0,0,0,0,0,0,2,0,0,0,0,2,0,0
22,30345050,rs9287,G,A,0,0,1,0,0,0,0,0,0,0,0,0,1,0,0
15,31634899,rs1435098,G,A,0,0,0,0,0,0,0,0,1,0,0,0,0,1,0
M,3514,rs28369556,C,T,0,2,0,0,0,0,0,0,0,0,0,2,0,0,0
5,132684236,rs17166565,G,A,0,0,1,0,0,0,0,0,0,0,0,0,1,0,0
18,46152002,rs12955772,T,C,0,1,0,0,0,0,0,0,0,0,0,1,0,0,0
6,133177557,rs12202302,T,G,0,0,0,0,0,1,0,0,0,0,1,0,0,0,0
7,42286301,rs2012056,A,T,0,0,0,1,0,0,0,0,0,0,0,0,0,1,0
1,21982659,rs2315930,A,G,0,0,1,0,0,0,0,0,0,0,0,0,1,0,0
19,43989464,rs7250734,T,C,0,0,0,0,0,1,0,0,0,0,1,0,0,0,0
3,118726699,rs17720543,C,T,0,1,0,0,0,0,0,0,0,0,0,1,0,0,0
5,125731835,rs17154476,T,C,0,0,0,1,0,0,0,0,0,0,0,0,0,1,0
14,46122333,rs1117799,A,G,0,0,0,0,0,0,1,0,0,0,0,1,0,0,0
11,60508499,rs3019544,C,T,0,0,0,1,0,0,0,0,0,0,0,0,0,1,0
5,122383127,rs385996,T,G,0,0,1,0,0,0,0,0,0,0,0,0,1,0,0
2,224547859,rs6736436,C,T,0,0,0,0,0,0,0,1,0,0,0,0,1,0,0
12,49728018,rs3759406,C,T,0,0,0,1,0,1,0,0,0,0,1,0,0,1,0
5,120132755,rs11241566,G,A,0,0,0,0,0,0,1,0,0,0,0,1,0,0,0
5,115442453,rs10463453,T,A,0,0,0,0,0,1,0,0,0,0,1,0,0,0,0
5,114730035,rs17383755,T,A,1,0,0,0,0,0,0,0,0,0,1,0,0,0,0
2,29156336,rs6750016,C,T,0,0,0,1,0,0,0,0,0,0,0,0,0,1,0
5,111798779,rs7702830,A,G,0,0,0,0,0,0,0,0,1,0,0,0,0,1,0
3,124980346,rs1869863,G,T,0,0,1,0,0,0,0,0,0,0,0,0,1,0,0
3,42424818,rs33519,A,G,0,0,1,0,0,0,0,0,0,0,0,0,1,0,0
11,38804228,rs6485030,T,C,0,0,0,0,0,0,0,1,0,0,0,0,1,0,0
10,55891155,rs11004320,G,A,0,0,1,0,0,0,0,0,0,0,0,0,1,0,0
16,76901191,rs9927661,G,A,1,0,0,0,0,0,0,0,0,0,1,0,0,0,0
5,3323192,rs35553805,C,G,0,0,1,0,0,0,0,0,0,0,0,0,1,0,0
9,22231889,rs1327045,G,C,0,1,0,0,0,0,0,0,0,0,0,1,0,0,0
10,10241448,rs2759639,T,A,0,0,0,1,0,0,0,0,0,0,0,0,0,1,0
4,86534307,rs453080,G,A,0,0,1,0,0,0,0,0,0,0,0,0,1,0,0
4,85739667,rs2868919,G,A,1,0,0,0,0,0,0,0,0,0,1,0,0,0,0
4,82736360,rs4349595,C,T,0,0,0,1,0,0,0,0,0,0,0,0,0,1,0
13,96065745,rs2784475,A,G,0,0,0,0,0,0,1,0,0,0,0,1,0,0,0
4,56841799,rs117938,G,T,0,0,1,0,0,0,0,0,0,0,0,0,1,0,0
1,155585149,rs7542301,G,A,0,0,0,0,0,0,1,0,0,0,0,1,0,0,0
4,40917025,rs2342526,C,T,0,0,0,0,0,0,0,1,0,0,0,0,1,0,0
8,35480692,rs7829888,C,T,0,0,0,0,0,0,0,1,0,0,0,0,1,0,0
1,98025993,rs7527085,A,G,0,0,1,0,0,0,0,0,0,0,0,0,1,0,0
20,53692459,rs6069367,T,C,0,0,0,0,0,1,0,0,0,0,1,0,0,0,0
2,220344547,rs16860285,G,A,0,0,0,0,0,0,1,0,0,0,0,1,0,0,0
13,69895236,rs12861598,G,T,0,0,0,0,0,0,1,0,0,0,0,1,0,0,0
8,69551771,rs1517114,C,G,0,0,0,0,0,0,0,1,0,0,0,0,1,0,0
4,19726547,rs1872468,G,A,0,0,0,0,0,0,1,0,0,0,0,1,0,0,0
4,191099176,rs2411530,C,T,0,1,0,0,0,0,0,0,0,0,0,1,0,0,0
4,190225243,rs4863450,T,C,0,1,0,0,0,0,0,0,0,0,0,1,0,0,0
20,3941354,rs6084547,T,C,0,1,0,0,0,0,0,0,0,0,0,1,0,0,0
2,22406847,rs4255985,T,C,0,0,0,0,0,0,0,1,0,0,0,0,1,0,0
4,178688571,rs7340982,C,T,0,0,0,0,0,0,0,1,0,0,0,0,1,0,0
11,72987532,rs11235817,A,G,0,0,0,0,0,0,0,0,1,0,0,0,0,1,0
7,142792149,rs9640381,T,C,0,0,0,0,0,1,0,0,0,0,1,0,0,0,0
4,170955790,rs6835612,C,T,0,1,0,0,0,0,0,0,0,0,0,1,0,0,0
12,46703107,rs10467100,G,A,0,0,1,0,0,0,0,0,0,0,0,0,1,0,0
4,166996501,rs2045629,G,A,0,0,0,0,0,0,1,0,0,0,0,1,0,0,0
2,59094940,rs12713391,A,G,0,0,1,0,0,0,0,0,0,0,0,0,1,0,0
6,22977086,rs10440835,C,T,0,0,0,0,0,1,0,0,0,0,1,0,0,0,0
4,161320451,rs12645057,C,G,0,0,0,0,0,0,0,1,0,0,0,0,1,0,0
3,58802215,rs6763536,G,C,0,0,1,0,0,0,0,0,0,0,0,0,1,0,0
4,154381834,rs9994350,C,T,0,1,0,0,0,0,0,0,0,0,0,1,0,0,0
4,147206744,rs11727627,A,T,0,0,0,0,0,0,0,0,1,0,0,0,0,1,0
11,11708183,rs16910020,T,C,0,0,0,1,0,0,0,0,0,0,0,0,0,1,0
4,137229200,rs17594898,C,G,0,0,0,0,0,0,0,1,0,0,0,0,1,0,0
1,200190428,rs2820306,A,G,1,0,0,0,0,0,0,0,0,0,1,0,0,0,0
2,145730487,rs1445299,C,G,0,0,0,0,0,0,1,0,0,0,0,1,0,0,0
1,27854414,rs11247652,G,A,0,0,0,0,0,0,1,0,0,0,0,1,0,0,0
11,66088034,rs572846,A,G,0,0,1,0,0,0,0,0,0,0,0,0,1,0,0
8,8269203,rs4840946,A,C,1,0,0,0,0,0,0,0,0,0,1,0,0,0,0
22,34274922,rs16995827,G,A,0,0,1,0,0,0,0,0,0,0,0,0,1,0,0
3,68320092,rs9812431,T,C,0,0,0,1,0,0,0,0,0,0,0,0,0,1,0
16,81755160,rs8050581,G,A,0,0,1,0,0,0,0,0,0,0,0,0,1,0,0
4,1103257,rs1904931,G,A,0,0,1,0,0,0,0,0,0,0,0,0,1,0,0
4,108073042,rs10028834,G,T,0,0,0,0,0,0,1,0,0,0,0,1,0,0,0
5,24472348,rs1428371,T,A,0,0,0,0,0,0,0,0,1,0,0,0,0,1,0
11,62329009,rs3763851,C,A,0,0,0,0,0,0,0,0,1,0,0,0,0,1,0
6,132970840,rs9493399,A,C,0,0,0,0,0,0,0,0,1,0,0,0,0,1,0
M,1275,rs28496470,G,T,0,0,1,0,0,0,0,0,0,0,0,0,1,0,0
3,79491835,rs1387667,C,T,0,1,0,0,0,0,0,0,0,0,0,1,0,0,0
1,178032795,rs17370290,T,G,0,0,1,0,0,0,0,0,0,0,0,0,1,0,0
6,83966079,rs9449588,G,C,0,1,0,0,0,0,0,0,0,0,0,1,0,0,0
2,223770799,rs13395322,A,C,0,0,0,0,0,0,0,0,1,0,0,0,0,1,0
1,12146426,rs686190,T,C,0,0,0,1,0,0,0,0,0,0,0,0,0,1,0
12,52356192,rs17101603,G,A,0,0,0,0,0,0,1,0,0,0,0,1,0,0,0
3,64561700,rs7615234,G,T,0,0,1,0,0,0,0,0,0,0,0,0,1,0,0
11,35117652,rs3751031,T,C,0,0,0,1,0,0,0,0,0,0,0,0,0,1,0
18,44714703,rs12967477,C,T,0,0,0,1,0,0,0,0,0,0,0,0,0,1,0
3,5030140,rs12630368,G,C,0,0,0,0,0,0,1,0,0,0,0,1,0,0,0
3,46676603,rs6797188,G,C,0,0,0,0,0,0,0,1,0,0,0,0,1,0,0
5,16341206,rs4269289,G,T,0,0,1,0,0,0,0,0,0,0,0,0,1,0,0
3,42862684,rs17842066,G,A,0,0,0,0,0,0,1,0,0,0,0,1,0,0,0
3,42787951,rs13090185,C,T,0,0,0,0,0,0,0,1,0,0,0,0,1,0,0
1,204131278,rs2869026,G,A,1,0,0,0,0,0,0,0,0,0,1,0,0,0,0
6,162379561,rs7738197,C,T,0,0,0,0,0,0,0,1,0,0,0,0,1,0,0
5,20602838,rs2471119,G,C,0,0,0,0,0,0,1,0,0,0,0,1,0,0,0
3,27981397,rs2169823,C,A,0,1,0,0,0,0,0,0,0,0,0,1,0,0,0
2,233547483,rs6748986,C,T,0,1,0,0,0,0,0,0,0,0,0,1,0,0,0
3,25371081,rs17588514,A,T,0,0,0,0,0,0,0,0,1,0,0,0,0,1,0
13,36360010,rs7333607,A,G,0,0,0,0,0,0,0,0,1,0,0,0,0,1,0
3,22122776,rs779182,G,A,2,0,0,0,0,0,0,0,0,0,2,0,0,0,0
15,58700929,rs339991,A,G,0,0,0,0,0,0,0,0,1,0,0,0,0,1,0
6,153546989,rs17083645,C,T,0,0,0,0,0,0,0,1,0,0,0,0,1,0,0
16,11681386,rs8191354,T,A,0,0,0,1,0,0,0,0,0,0,0,0,0,1,0
10,71576722,rs10999159,T,A,1,0,0,0,0,0,0,0,0,0,1,0,0,0,0
1,205663107,rs311299,C,A,0,0,0,0,0,0,0,0,1,0,0,0,0,1,0
3,182055425,rs1401974,G,A,0,0,1,0,0,0,0,0,0,0,0,0,1,0,0
3,179869145,rs11921195,A,C,0,0,0,0,0,0,0,0,1,0,0,0,0,1,0
20,12326727,rs6041306,G,A,0,0,0,0,0,0,1,0,0,0,0,1,0,0,0
16,4842482,rs1056333,A,G,0,0,0,0,0,0,0,0,1,0,0,0,0,1,0
16,51012865,rs8052552,T,C,0,0,0,0,0,1,0,0,0,0,1,0,0,0,0
2,160697542,rs16844824,A,G,0,0,0,0,0,0,1,0,0,0,0,1,0,0,0
16,7479905,rs8051868,A,G,0,0,1,0,0,0,0,0,0,0,0,0,1,0,0
3,1579035,rs2648458,C,A,0,1,0,0,0,0,0,0,0,0,0,1,0,0,0
3,147588832,rs2867865,G,A,0,0,0,0,0,0,1,0,0,0,0,1,0,0,0
11,117735474,rs2276418,A,T,0,0,0,0,0,0,0,0,1,0,0,0,0,1,0
8,2746977,rs341753,A,T,0,0,0,0,0,1,0,0,0,0,1,0,0,0,0
M,5320,rs28456039,A,G,0,0,0,0,0,0,0,0,1,0,0,0,0,1,0
4,44724113,rs13132484,A,C,0,0,0,0,0,0,0,1,0,0,0,0,1,0,0
11,1107495,rs10794295,C,G,0,1,0,0,0,0,0,0,0,0,0,1,0,0,0
21,36592261,rs4817790,C,G,0,0,1,0,0,0,0,0,0,0,0,0,1,0,0
1,222425581,rs6680540,C,G,0,0,0,0,0,0,0,1,0,0,0,0,1,0,0
8,96970672,rs7005938,C,T,0,0,0,0,0,0,0,1,0,0,0,0,1,0,0
16,26912956,rs8058203,C,T,0,1,0,0,0,0,0,0,0,0,0,1,0,0,0
7,126074241,rs10233978,G,C,0,0,0,0,0,0,1,0,0,0,0,1,0,0,0
2,103480134,rs6751705,T,G,0,0,1,0,0,0,0,0,0,0,0,0,1,0,0
11,94817788,rs4121859,C,T,0,0,0,0,0,0,0,1,0,0,0,0,1,0,0
1,66932924,rs2146904,A,G,0,0,0,0,0,0,0,0,1,0,0,0,0,1,0
2,232503498,rs6437041,A,T,0,0,0,0,0,1,0,0,0,0,1,0,0,0,0
13,54100373,rs9536789,T,C,0,0,0,0,0,1,0,0,0,0,1,0,0,0,0
14,36317227,rs8022501,G,A,1,0,0,0,0,0,0,0,0,0,1,0,0,0,0
10,118998324,rs363398,C,T,0,0,0,0,0,0,0,1,0,0,0,0,1,0,0
3,140503123,rs10460842,C,A,0,0,0,0,0,0,0,1,0,0,0,0,1,0,0
12,114258337,rs11067534,G,C,0,0,0,0,0,0,1,0,0,0,0,1,0,0,0
2,1677785,rs6755378,C,T,0,1,0,0,0,0,0,0,0,0,0,1,0,0,0
7,32496630,rs1584613,G,C,0,1,0,0,0,0,0,0,0,0,0,1,0,0,0
4,3633211,rs177772,T,A,0,0,0,1,0,0,0,0,0,0,0,0,0,1,0
3,178747664,rs3851413,C,T,0,0,0,0,0,0,0,1,0,0,0,0,1,0,0
17,67904675,rs9906315,G,A,0,0,0,0,0,0,0,0,1,0,0,0,0,1,0
1,220074649,rs4418610,T,C,0,0,0,0,0,1,0,0,0,0,1,0,0,0,0
8,1139913,rs11136359,A,T,0,0,0,0,0,0,0,0,1,0,0,0,0,1,0
16,79132387,rs9922406,T,C,0,0,0,0,0,0,0,1,0,0,0,0,1,0,0
15,43667295,rs16945094,T,C,0,0,0,0,0,1,0,0,0,0,1,0,0,0,0
18,21260534,rs12457939,C,A,0,0,0,0,0,0,0,1,0,0,0,0,1,0,0
22,35507787,rs6000411,G,A,0,0,1,0,0,0,0,0,0,0,0,0,1,0,0
11,131233284,rs11222820,A,G,0,0,0,0,0,0,0,0,1,0,0,0,0,1,0
20,34326497,rs2425210,T,C,0,0,0,0,0,1,0,0,0,0,1,0,0,0,0
11,5446241,rs11606416,C,T,0,1,0,0,0,0,0,0,0,0,0,1,0,0,0
14,33449883,rs1680738,A,T,0,0,0,0,0,1,0,0,0,0,1,0,0,0,0
21,19699265,rs9975685,A,G,1,0,0,0,0,0,0,0,0,0,1,0,0,0,0
8,124223534,rs13250325,A,C,1,0,0,0,0,0,0,0,0,0,1,0,0,0,0
15,34100821,rs16962310,T,C,0,0,0,1,0,0,0,0,0,0,0,0,0,1,0
10,132856455,rs2996069,T,C,0,0,0,1,0,0,0,0,0,0,0,0,0,1,0
2,220832842,rs12612586,T,C,0,0,0,0,0,1,0,0,0,0,1,0,0,0,0
13,26115075,rs1756472,T,C,0,0,0,0,0,0,0,1,0,0,0,0,1,0,0
10,38685830,rs41359444,A,G,1,0,0,0,0,0,0,0,0,0,1,0,0,0,0
18,59599641,rs1567055,C,G,0,0,0,0,0,0,1,0,0,0,0,1,0,0,0
10,1935296,rs10903593,T,C,0,0,0,0,0,1,0,0,0,0,1,0,0,0,0
2,50110016,rs1592728,G,T,0,0,0,0,0,1,0,0,0,0,1,0,0,0,0
14,39775953,rs1950225,T,G,0,0,0,0,0,0,1,0,0,0,0,1,0,0,0
7,135389552,rs6960212,G,A,0,0,1,0,0,0,0,0,0,0,0,0,1,0,0
1,235659230,rs6429013,C,A,0,0,0,0,0,0,0,0,1,0,0,0,0,1,0
1,176867954,rs11811837,G,A,0,0,0,0,0,0,1,0,0,0,0,1,0,0,0
17,76020631,rs9910924,G,A,0,0,0,0,0,0,1,0,0,0,0,1,0,0,0
8,56184846,rs9298526,C,A,0,0,0,0,0,0,0,1,0,0,0,0,1,0,0
20,25063361,rs6132804,G,C,0,0,1,0,0,0,0,0,0,0,0,0,1,0,0
12,102679844,rs11111751,C,T,0,1,0,0,0,0,0,0,0,0,0,1,0,0,0
8,96192557,rs2044035,A,G,0,0,0,0,0,0,0,0,1,0,0,0,0,1,0
10,119006680,rs363220,C,T,0,0,0,0,0,1,0,0,0,0,1,0,0,0,0
6,4346185,rs914046,G,A,1,0,0,0,0,0,0,0,0,0,1,0,0,0,0
6,4552116,rs3812185,T,C,0,0,0,1,0,0,0,0,0,0,0,0,0,1,0
2,22269252,rs17043495,T,G,0,0,0,1,0,0,0,0,0,0,0,0,0,1,0
18,1478322,rs4327127,T,C,0,0,0,0,0,2,0,0,0,0,2,0,0,0,0
1,160910941,rs4657222,G,C,0,0,0,0,0,0,0,1,0,0,0,0,1,0,0
1,243776909,rs6671334,T,G,0,0,0,0,0,1,0,0,0,0,1,0,0,0,0
15,38648238,rs11070279,C,T,0,1,0,0,0,0,0,0,0,0,0,1,0,0,0
M,14872,rs28660155,T,C,0,0,0,1,0,0,0,0,0,0,0,0,0,1,0
1,176117848,rs579705,T,C,0,0,0,0,0,0,0,1,0,0,0,0,1,0,0
12,85938599,rs12301215,G,A,0,0,0,0,0,0,1,0,0,0,0,1,0,0,0
12,86764300,rs4640011,A,C,0,0,0,0,0,0,0,0,1,0,0,0,0,1,0
14,54280308,rs17127865,C,T,0,1,0,0,0,0,0,0,0,0,0,1,0,0,0
2,237302463,rs1349585,T,C,0,0,0,0,0,1,0,0,0,0,1,0,0,0,0
13,103914442,rs7322187,G,A,0,0,0,0,0,0,1,0,0,0,0,1,0,0,0
10,42694001,rs2796577,A,G,1,0,0,0,0,0,0,0,0,0,1,0,0,0,0
2,31897986,rs221204,T,C,0,1,0,0,0,0,0,0,0,0,0,1,0,0,0
4,115865792,rs6826280,G,A,0,0,0,0,0,0,0,0,1,0,0,0,0,1,0
14,57963544,rs6764,T,G,0,0,1,0,0,0,0,0,0,0,0,0,1,0,0
8,2027808,rs2235123,G,A,0,0,0,0,0,0,1,0,0,0,0,1,0,0,0
9,101354596,rs10114890,T,G,0,0,0,2,0,0,0,0,0,0,0,0,0,2,0
2,86062607,rs2083168,C,T,0,0,0,0,0,1,0,0,0,0,1,0,0,0,0
4,77734394,rs4859453,G,A,0,0,0,0,0,0,0,0,1,0,0,0,0,1,0
1,201741032,rs17576674,C,G,0,0,1,0,0,0,0,0,0,0,0,0,1,0,0
18,50052604,rs483640,C,T,0,0,0,0,0,1,0,0,0,0,1,0,0,0,0
18,52151574,rs7232851,A,C,0,0,0,0,0,0,0,0,1,0,0,0,0,1,0
11,61675493,rs11230934,T,G,0,0,0,1,0,0,0,0,0,0,0,0,0,1,0
1,70819366,rs11209645,C,T,0,1,0,0,0,0,0,0,0,0,0,1,0,0,0
11,83413401,rs10792703,T,G,0,0,0,1,0,0,0,0,0,0,0,0,0,1,0
14,71647337,rs17179664,A,G,0,0,0,0,0,0,0,0,1,0,0,0,0,1,0
10,122191422,rs2463130,A,G,0,0,0,0,0,0,1,0,0,0,0,1,0,0,0
4,156701780,rs7659237,C,T,0,0,0,0,0,0,0,1,0,0,0,0,1,0,0
14,33049725,rs12881368,T,C,0,0,0,0,0,0,0,2,0,0,0,0,2,0,0
14,84178230,rs17258213,T,C,0,0,0,1,0,0,0,0,0,0,0,0,0,1,0
13,41652522,rs4142110,T,C,0,0,0,1,0,0,0,0,0,0,0,0,0,1,0
6,11512104,rs6457449,A,G,0,0,0,0,0,0,1,0,0,0,0,1,0,0,0
18,56738831,rs2013052,C,A,0,1,0,0,0,0,0,0,0,0,0,1,0,0,0
15,25502134,rs7165441,A,G,1,0,0,0,0,0,0,0,0,0,1,0,0,0,0
10,63596386,rs7919015,T,C,0,1,0,0,0,0,0,0,0,0,0,1,0,0,0
15,46982403,rs16961819,C,T,0,1,0,0,0,0,0,0,0,0,0,1,0,0,0
15,48436003,rs953159,G,T,0,0,1,0,0,0,0,0,0,0,0,0,1,0,0
13,28519461,rs4769671,G,A,1,0,0,0,0,0,0,0,0,0,1,0,0,0,0
3,84145980,rs6798585,G,A,0,0,0,0,0,0,1,0,0,0,0,1,0,0,0
20,2080121,rs6137153,C,T,0,1,0,0,0,0,0,0,0,0,0,1,0,0,0
10,108033363,rs12267606,T,C,0,0,0,1,0,0,0,0,0,0,0,0,0,1,0
15,87790545,rs11073865,G,T,0,0,0,0,0,0,1,0,0,0,0,1,0,0,0
13,32463490,rs2094713,C,T,0,1,0,0,0,0,0,0,0,0,0,1,0,0,0
2,158628186,rs2159205,T,A,1,0,0,0,0,0,0,0,0,0,1,0,0,0,0
12,56758630,rs1027800,G,C,0,0,1,0,0,0,0,0,0,0,0,0,1,0,0
16,5301884,rs4786665,C,T,0,0,0,1,0,0,0,0,0,0,0,0,0,1,0
16,5610165,rs3964090,G,C,0,0,0,0,0,0,0,1,0,0,0,0,1,0,0
3,161955147,rs2280523,C,A,0,1,0,0,0,0,0,0,0,0,0,1,0,0,0
1,160076775,rs7530997,G,A,0,0,1,0,0,0,0,0,0,0,0,0,1,0,0
15,86012890,rs10468136,A,G,1,0,0,0,0,0,0,0,0,0,1,0,0,0,0
5,64523498,rs7706677,C,A,0,0,0,0,0,0,0,1,0,0,0,0,1,0,0
11,27827652,rs6484332,T,A,0,0,0,0,0,0,0,0,1,0,0,0,0,1,0
2,143007367,rs13036134,G,A,0,0,0,0,0,0,1,0,0,0,0,1,0,0,0
5,151462190,rs154103,T,C,0,0,0,1,0,0,0,0,0,0,0,0,0,1,0
1,225745087,rs2814078,A,G,0,0,0,0,0,0,1,0,0,0,0,1,0,0,0
16,49184879,rs4785220,T,C,0,0,0,0,0,0,0,1,0,0,0,0,1,0,0
17,42621162,rs11570451,T,C,0,0,0,1,0,0,0,0,0,0,0,0,0,1,0
17,44029669,rs7405452,T,C,0,0,0,0,0,0,0,1,0,0,0,0,1,0,0
20,16210360,rs718610,G,A,0,0,1,0,0,0,0,0,0,0,0,0,1,0,0
17,59618587,rs17562530,C,G,0,0,1,0,0,0,0,0,0,0,0,0,1,0,0
1,31541950,rs3737754,C,G,0,1,0,0,0,0,0,0,0,0,0,1,0,0,0
1,186693040,rs205665,T,C,0,1,0,0,0,0,0,0,0,0,0,1,0,0,0
20,16974379,rs6034729,G,A,0,0,0,0,0,0,1,0,0,0,0,1,0,0,0
17,68346547,rs4793492,G,A,0,0,1,0,0,0,0,0,0,0,0,0,1,0,0
17,73548803,rs9898929,C,T,0,1,0,0,0,0,0,0,0,0,0,1,0,0,0
18,37504526,rs16975140,A,C,1,0,0,0,0,0,0,0,0,0,1,0,0,0,0
18,35328424,rs1482967,A,G,0,0,0,0,0,0,1,0,0,0,0,1,0,0,0
12,124702816,rs3825381,C,T,0,1,0,0,0,0,0,0,0,0,0,1,0,0,0
18,39780699,rs4516302,A,G,0,0,1,0,0,0,0,0,0,0,0,0,1,0,0
1,100047161,rs17408165,C,G,0,1,0,0,0,0,0,0,0,0,0,1,0,0,0
1,201754967,rs13303360,G,A,0,0,1,0,0,0,0,0,0,0,0,0,1,0,0
1,165884323,rs10489193,A,G,0,0,0,0,0,0,0,0,1,0,0,0,0,1,0
10,107273920,rs2926450,T,C,0,1,0,0,0,0,0,0,0,0,0,1,0,0,0
18,6183836,rs16949615,C,T,0,0,0,0,0,0,0,1,0,0,0,0,1,0,0
11,6904622,rs1551014,T,C,0,1,0,0,0,0,0,0,0,0,0,1,0,0,0
9,75467720,rs10119719,G,T,0,0,0,0,0,0,1,0,0,0,0,1,0,0,0
10,14684461,rs17155568,C,G,0,0,0,0,0,0,0,1,0,0,0,0,1,0,0
11,122306309,rs10892928,A,G,0,0,0,0,0,0,0,0,1,0,0,0,0,1,0
2,241681213,rs3815291,C,A,0,0,0,0,0,0,0,1,0,0,0,0,1,0,0
1,185999224,rs2495445,A,C,1,0,0,0,0,0,0,0,0,0,1,0,0,0,0
2,113411812,rs17042591,G,A,0,0,0,0,0,0,1,0,0,0,0,1,0,0,0
13,87229796,rs16959060,C,T,0,1,0,0,0,0,0,0,0,0,0,1,0,0,0
1,30707500,rs262587,C,T,0,0,0,0,0,1,0,0,0,0,1,0,0,0,0
1,159060184,rs509749,A,G,0,0,0,0,0,0,0,0,1,0,0,0,0,1,0
1,77810323,rs41430548,C,T,0,0,0,0,0,0,0,1,0,0,0,0,1,0,0
14,47485194,rs2139833,G,A,0,0,0,0,0,0,0,0,1,0,0,0,0,1,0
14,58764004,rs11158251,A,G,1,0,0,0,0,0,0,0,0,0,1,0,0,0,0
10,65780811,rs7916532,G,A,0,0,0,0,0,0,1,0,0,0,0,1,0,0,0
2,28747958,rs13412282,G,A,0,0,1,0,0,0,0,0,0,0,0,0,1,0,0
2,42067999,rs13017167,A,G,0,0,0,0,0,0,1,0,0,0,0,1,0,0,0
15,25057672,rs11855836,G,A,0,0,1,0,0,0,0,0,0,0,0,0,1,0,0
3,114478219,rs13316462,G,A,0,0,0,0,0,0,1,0,0,0,0,1,0,0,0
13,100611110,rs16958524,G,A,0,0,0,0,0,0,1,0,0,0,0,1,0,0,0
9,129514832,rs522328,T,C,0,0,0,1,0,0,0,0,0,0,0,0,0,1,0
10,91451133,rs11593892,C,A,0,0,0,0,0,0,0,1,0,0,0,0,1,0,0
4,8987377,rs6821798,C,T,0,1,0,0,0,0,0,0,0,0,0,1,0,0,0
2,17920649,rs7606821,T,G,0,0,0,0,0,0,1,0,0,0,0,1,0,0,0
8,76915318,rs1531461,C,T,0,0,0,1,0,0,0,0,0,0,0,0,0,1,0
13,77269891,rs1668633,C,T,0,0,0,1,0,0,0,0,0,0,0,0,0,1,0
19,57202822,rs16983385,A,G,1,0,0,0,0,0,0,0,0,0,1,0,0,0,0
10,5424452,rs7092424,G,A,1,0,0,0,0,0,0,0,0,0,1,0,0,0,0
19,63017813,rs2303817,A,G,1,0,0,0,0,0,0,0,0,0,1,0,0,0,0
16,51320996,rs17295758,T,A,0,0,0,1,0,0,0,0,0,0,0,0,0,1,0
5,6019769,rs4460116,C,T,0,1,0,0,0,0,0,0,0,0,0,1,0,0,0
2,215950661,rs6716361,C,G,0,0,0,0,0,0,0,1,0,0,0,0,1,0,0
12,68505675,rs10506571,C,G,0,1,0,0,0,0,0,0,0,0,0,1,0,0,0
3,116117,rs7628020,G,C,0,0,0,0,0,0,0,1,0,0,0,0,1,0,0
2,220891067,rs7573045,A,G,0,0,1,0,0,0,0,0,0,0,0,0,1,0,0
18,61818001,rs12966398,A,T,0,0,0,0,0,0,0,0,1,0,0,0,0,1,0
1,158413269,rs16831518,T,C,0,0,0,1,0,0,0,0,0,0,0,0,0,1,0
2,233634705,rs6437087,G,T,0,0,0,0,0,0,1,0,0,0,0,1,0,0,0
4,122794076,rs11937561,C,T,0,0,0,0,0,0,0,1,0,0,0,0,1,0,0
18,61739825,rs2587427,A,G,0,0,0,0,0,0,0,0,1,0,0,0,0,1,0
2,68991308,rs6736853,T,A,0,0,0,1,0,0,0,0,0,0,0,0,0,1,0
2,36813364,rs1015696,A,G,0,0,0,0,0,0,0,0,1,0,0,0,0,1,0
15,91002894,rs404561,C,T,0,0,0,0,0,1,0,0,0,0,1,0,0,0,0
2,5447349,rs16863686,A,C,0,0,0,0,0,0,0,0,1,0,0,0,0,1,0
16,55604665,rs16965037,C,T,0,0,0,0,0,2,0,0,0,0,2,0,0,0,0
1,17172314,rs11203277,C,T,0,0,0,0,0,0,0,1,0,0,0,0,1,0,0
14,78179371,rs17107998,T,A,0,0,0,0,0,1,0,0,0,0,1,0,0,0,0
15,99525863,rs1982489,A,G,0,0,1,0,0,0,0,0,0,0,0,0,1,0,0
2,9567417,rs11891922,A,G,1,0,0,0,0,0,0,0,0,0,1,0,0,0,0
20,1599602,rs968860,G,A,0,0,1,0,0,0,0,0,0,0,0,0,1,0,0
20,18425614,rs2247746,A,G,0,0,1,0,0,0,0,0,0,0,0,0,1,0,0
20,19908184,rs199583,T,C,0,0,0,1,0,0,0,0,0,0,0,0,0,1,0
5,169562588,rs13354784,C,T,0,1,0,0,0,0,0,0,0,0,0,1,0,0,0
1,21981957,rs10917042,G,A,0,0,1,0,0,0,0,0,0,0,0,0,1,0,0
8,20095858,rs10096273,T,A,0,0,0,0,0,0,0,0,1,0,0,0,0,1,0
21,29074247,rs16983250,A,G,1,0,0,0,0,0,0,0,0,0,1,0,0,0,0
1,95522944,rs259322,A,G,0,0,1,0,0,0,0,0,0,0,0,0,1,0,0
16,82159834,rs8050973,T,C,0,0,0,0,0,1,0,0,0,0,1,0,0,0,0
